130474873
573846174
962381872
1608256488
761724130
621368164
1920583712
637577785
1958525958
1528601402
424366056
764095534
746864537
1796645347
512131233
801781756
566651805
194976074
1310054621
1868169635
1913754921
1878810316
847802675
301237451
1695672818
540751826
459060779
2016061034
1257299842
1500197145
530651197
1138822312
1255022230
413421656
853527350
1465833646
1014257197
356159022
1144054541
231731859
1480897644
4519636
488705696
618857636
1085209494
1907528593
1205360022
775555491
1552507240
1970361054
314242955
1966762175
128549576
1761204875
788255227
399148204
1873527146
661144421
2060067317
220972304
162307385
2052006325
1527761590
458328813
997950205
1433027391
1656556951
333442881
943117997
1193781234
1935008206
210492783
1198405180
1078322762
387271991
1909235285
1390104620
228945039
1363511604
1935627872
1482875451
1830988935
463553794
1434422435
1185954190
711372669
1010272736
1641301002
1772650076
454379146
1739790147
353112776
443575352
923082237
69424474
1576374966
624241693
30376883
1768391078
1799665750
250971642
871917141
1979921141
358726006
35352848
103750172
768356995
1197710461
1373932884
1026503589
1156527231
1644582107
1445116464
124439445
885580500
478802097
1588452531
93339155
1419858270
286577536
422754655
15255949
708276452
488738851
1601474734
1581895430
1914401078
275322943
1008898288
958380672
1284993592
1359727737
608037608
1711329501
1684656230
610958310
1998551441
104827788
1399069587
1082204018
2090499321
1960045922
267368118
746146487
1445335562
95208040
1055479959
319135907
37501737
1738106024
2135406082
530902538
758002260
1481813542
1376911095
235715693
163640689
1491182290
904734919
600941065
336832741
493034052
188812173
415552212
1888993644
1944283141
1036544499
1881270610
587266862
274622190
627734303
1483624743
841753215
337654252
343561862
610192380
1895371478
2109613612
1190886936
1506266694
526415471
1595265171
237821206
1418275911
970458237
754091054
601725477
1273707713
334418406
1448940537
447317621
507369151
1347576516
798128522
745371277
1597465269
1771233749
1999299553
1004636490
1648536068
1206147188
1321692996
1879352692
1910363194
1110371721
651781339
1836632970
420348008
1138251680
766718715
487827862
201510724
300295354
1545951872
74525594
889051217
255212846
918019909
1592577622
1134902590
1342557664
1910320433
1546852204
1285809972
1974788216
120365152
136048227
43624693
1739766622
893580240
986442278
2043555572
1104977122
1689834515
300119506
1352206122
1863396126
474941659
307904190
318676898
1064941731
181377469
135456033
1715183338
961112675
245806897
207073797
1949108291
723602928
2003803707
1342252423
853213840
406721931
2017217547
305978404
1443310402
1922324439
593542720
2083058625
990006569
515733112
1793008277
828065033
244671440
1927760084
591755937
1244017249
757944486
1245832366
869803119
1173138738
1927754834
610115719
1273900724
69960859
1161180195
1774864400
1979152513
324697297
1728981319
2060775002
334423583
1467505412
1883446562
1698811464
133228438
1636833641
1235243222
1383856111
1004292751
1577365330
1269853406
539366681
1465381268
1950427433
1419417101
1500796083
2038268240
1934906901
369356738
1149273295
1596612958
703275925
2001283456
830664969
1561981236
243098121
1280304854
1947256688
1292281856
1815929649
2090655573
268845423
354077306
1076715214
181309529
325502865
1092102118
693343623
1794531646
1102405943
8774027
1521572022
241539615
1439921436
2050768979
1388388153
1292218098
1470956938
798027405
1807867759
1884079807
44245612
2102824206
579708024
464162044
1778631305
1613705603
1052781593
136830228
2037613964
356528787
1435470181
91574255
1335846749
1634193404
1001007983
185289375
388666054
1769117904
1093914236
408693965
1344924617
140375255
1414434442
1140499268
75040936
461736310
561362020
927379637
173593083
1098363670
1956831563
1149229283
1631897744
2079333489
2046409961
313504864
1921852929
612553170
550161871
859280909
39320525
556513395
1904401329
745877156
720787493
1429997767
1053176513
1953211679
1049760996
1203098778
903552044
1849322681
1851596816
1399173794
539155190
2051354004
688389764
1586692403
389121108
1316894995
1052343583
125401956
2110720792
939250294
547180871
286240898
607160158
1403996907
