481846764
1859589164
2068722804
1175229384
1250736014
388436840
372569129
1657061196
120815740
387715357
314934758
1385326738
77352402
70435631
1586779325
11908399
2058323899
1698236304
438056441
132845575
1928662595
418413067
1846221176
1932920888
686171460
1297213341
681380190
1384444442
949791050
1327552644
1523505634
1243829255
1186604482
1753323993
343114825
69818416
101062126
2025865634
2070095372
1268867292
374000426
1792605651
1385923334
1268557315
1281619070
1457418074
983481977
270921696
553056242
2007854903
866810899
333586232
340371073
1641152636
780857263
63433697
13367988
135801916
489057924
2101006320
1854540297
1135608334
707270146
940746743
1011693370
1218589150
198722256
471512056
1874804453
1516960909
2058329920
32458265
1775624579
1316672796
1906328796
136056944
1179973380
577663861
651301818
1376237033
313731364
410458494
831388200
1089419794
460741745
1189919402
903458182
1692935493
972466730
279681128
56450428
2112743857
1536807710
2116572699
1561810642
1385875739
1085335505
445176591
256863945
63029920
