481846764
1859589164
2068722804
1175229384
1250736014
388436840
372569129
1657061196
120815740
387715357
314934758
1385326738
77352402
70435631
1586779325
11908399
2058323899
1698236304
438056441
132845575
1928662595
418413067
1846221176
1932920888
686171460
1297213341
681380190
1384444442
949791050
1327552644
1523505634
1243829255
1186604482
1753323993
343114825
69818416
101062126
2025865634
2070095372
1268867292
374000426
1792605651
1385923334
1268557315
1281619070
1457418074
983481977
270921696
553056242
2007854903
866810899
333586232
340371073
1641152636
780857263
63433697
13367988
135801916
489057924
2101006320
1854540297
1135608334
707270146
940746743
1011693370
1218589150
198722256
471512056
1874804453
1516960909
2058329920
32458265
1775624579
1316672796
1906328796
136056944
1179973380
577663861
651301818
1376237033
313731364
410458494
831388200
1089419794
460741745
1189919402
903458182
1692935493
972466730
279681128
56450428
2112743857
1536807710
2116572699
1561810642
1385875739
1085335505
445176591
256863945
63029920
1258695818
511969921
543600890
1183578980
2097008630
834352634
705445300
1171181924
1882307487
644800319
1030943964
1583187774
1631983745
1260304538
1787274956
1444081803
304220134
1765333999
480004998
1969257615
315130968
653270410
1646528973
1595123325
1460510481
2093069710
643134202
1806535527
1902345801
520453057
1198205086
734796789
320799916
588271898
117541215
1949245090
2014341251
1795292867
1139894811
1773872758
484474102
1879759905
1958111653
327666411
1396220811
620746301
480760112
276503172
329297743
117728839
1081655605
1467485153
2112655240
435089977
1895382599
605425408
1012924595
1095961212
1870552146
3938920
191218432
1046393420
1416319770
1361854430
1594078880
296147175
1262387858
1043711847
1142763323
1985513513
1577224199
656410914
625439188
853615887
1484783513
582854710
842642404
1318862562
198902514
839764180
1612309598
366631030
1477237784
1784616962
1586281099
1878203580
769625196
2033193586
840372946
1659599454
936320495
918380039
2072224368
1135955891
1582654326
1585564329
463440135
596257223
881071178
1100073636
