901002801
2065698514
1357106219
352165148
1242270489
583497090
135825432
695453425
1914432120
1313890752
2115914115
1819435834
745182932
345127452
940661276
785319878
2125177587
23154260
92702366
140042554
36700908
1718580464
212319670
1567252224
768156196
1165515308
2083072568
1830791940
10487879
1254854550
330599923
1599477212
39510973
1274841720
2113795259
807432911
1558835210
149959977
585774384
413944252
2088925704
960539416
820163737
212175798
2021030558
2101315327
10374172
1313831539
614270234
69215121
11168301
272842679
1477427987
171273679
1225643118
1329905984
1853378844
1937337642
1731492599
76755181
647908169
452517139
684965546
659577570
983290829
516436903
1779924861
1617824859
378815840
133228365
1373968315
1975217610
1584863523
1826241761
198600497
1223645139
898416727
143872
1693705313
814324516
1155141136
769241029
1216521706
2088756405
1243686249
57757244
122049225
2015720941
49198602
783889275
1101537714
1768981215
565951025
509019203
1913519730
1636408565
275573870
160586167
1376368616
1504593655
321390466
540032960
935015699
481041869
842730453
183434338
835462803
1798669873
2120156829
1997979
431489257
1853234972
243632329
917168083
1069097692
2026150787
1383479080
743692788
1563374968
925533585
394387678
1911687567
1568626257
1742410212
1179174298
1752470747
1409266585
1075844320
2060205678
709675579
948071269
737830560
771258903
189111658
492934050
615108176
1981708977
735479837
1246025952
1060251911
1369778088
470862999
2043047759
47200623
352400018
1395786389
1525348886
1796266589
1587405158
2034852590
252929485
1679364729
744694846
450835031
1110205977
557186546
1118890350
1340089134
1449351218
1237743353
921651400
1907102130
1885947842
1410481250
1201410357
1841142344
1081976069
54520671
424234033
453989516
44441810
647999243
1645150483
503123057
1703239144
2071008326
2016123455
1521425634
1390010194
1930871556
227121861
1760483643
1635922809
25353088
456746094
1416190187
2140619361
320423872
1226389328
2083231151
1643701473
641619843
1433612266
8282599
138600511
1610159605
732398804
632566509
993273913
658741321
313810320
1470828215
1372032556
1133415642
1990410780
1752413889
34214246
241571789
895079534
1186681298
688546738
1744948363
2097562587
1665963309
1010621492
1308651404
271179321
1860594754
953735156
1932703817
1848006630
761552197
975614990
488486529
957771690
1550305614
1361870624
1636867884
364522546
93079539
1338609522
1383556946
528151721
731268873
1617061236
903777293
388451087
502507167
182425955
851815852
1381975941
1899047572
1572827985
39708030
1394684413
2046236757
691540903
1915132604
1145144754
977432754
1338980284
1019287697
1826315000
1208053743
958218338
1699741770
495213225
883546027
175643952
440105166
390543265
544830009
2024532890
801999995
1995555423
1452473439
1216796642
1366293714
48902073
106844199
920200317
1916155801
1678168799
101919304
550727876
2096442705
1336207859
935906960
1241285763
1059018580
858764711
1594221667
491723130
1534573439
901582902
319321825
1704725593
1467581625
1920534182
2064803113
408564068
1652388707
326863215
1889804436
461272587
837145932
2021998329
770827990
191636254
2089694621
829440115
1472730836
1866230531
1038300555
57232437
1570308130
1488602545
1724395696
657325867
1009259280
363533911
1706789912
1789743911
1264109019
1728824102
943805245
53106879
489959451
2047900740
1676233598
1895231493
1896698664
1593243179
131582607
1845763778
1415295257
1589292586
1935848010
1788130364
1861065591
74444376
565379869
744270706
1299074789
229578465
1533517522
1875474783
1600906222
1477341002
1478758419
978202927
2127813544
810255758
911274902
1701269202
849257803
2010128443
1210237843
160980334
1664950989
784039053
1532038878
870410897
662886303
194463128
1080225098
2026971304
1734647924
1340020424
789420827
2128499191
1700238182
2083748979
943743923
934814904
1945637689
962519206
490669122
1034530554
195306580
1215814109
599684304
1160102096
569142321
698030671
1914901596
1086442906
681968277
577797052
996505975
1552650461
379054743
1774867676
123179375
1077026538
689889145
1842452619
81384403
1104611661
1296837014
1654029865
140826859
260885798
687920175
1497742875
1425448392
44064565
2013995482
2123943645
1903115160
2034222244
1519459321
175707289
2113157401
449136880
184354749
371936782
301268576
2112339279
427045179
2141265839
1345003027
1156850872
343514449
1384254013
1749444448
2072854153
1960569604
2014201032
244925759
103185070
881134803
1533541108
1885177187
688760362
1074987250
338798506
472181921
1218883093
1420065926
1870837031
1219931071
705508279
822165539
1109767378
33191140
203347454
1809193922
1821526142
892671789
317952363
1541184043
116528771
677566482
1303054822
309026838
1131459634
2064854996
1451149809
1895782074
1500077886
230978608
2147278097
1879017886
1799930090
1153087441
2133401860
438013749
1424397039
1521633277
1993039890
2047238508
1229869130
692273353
703691795
921334768
639494748
334685333
1381230718
1351062873
1546096994
263660231
139043462
1121529243
2074457043
709484674
764606032
855974626
582122365
379733524
2091011263
421427157
1168515759
1470584666
2067471687
1639858423
1220136621
973974040
1169719096
2104163584
47272927
1912817352
384796883
299892865
1047115546
418197502
311314913
1571739065
2121358334
381720054
1817015737
796774301
683624278
100086936
349685080
1236417655
91935146
1025748854
1952044490
1090445416
388481409
1277427234
2003375031
1044663515
1578105661
1571612733
878722749
1906768111
772285313
1211317019
1848681794
1813004355
1312449884
1424550781
1303789946
1780763289
2026346995
1986634244
74413697
1656259541
398169761
1340350614
882099939
200402311
710201434
1294236962
1885286526
1068428823
1120899586
831054032
1547923277
194387767
1169413197
79273680
1715682175
917329340
2056925968
1487617015
869270851
1622986460
1686958400
552030449
799453752
910041315
680521907
4011382
1631808064
1406557144
943780637
716405438
1357554307
252784549
951335157
295784949
692275655
1195614442
395327295
1802972720
334462081
283868699
1833809854
1957777573
785868525
2088714928
1810877389
1654294027
643591158
1233176204
1856352253
386460606
1871320968
538729980
1117363393
598910884
2116784788
1993622959
540896862
2119542271
1667364051
706190052
1809912545
478729382
124648186
404494148
1620983372
1295138728
1390536257
873628248
1534481672
520067733
522002045
253953248
1153154934
585402152
1936660253
1876664474
1913645571
858222471
1246647573
1173711527
1507903871
398631860
1697688538
557320031
992568117
818824327
1282904803
352424273
326483808
846136343
654717580
423268671
135608669
1775755676
621439801
1355080472
1833129387
381374377
467731556
515738661
263757770
1917446557
1846178179
1336284520
2011942208
1617367720
1533058693
531961241
809734278
240120314
79977388
1830158038
872894698
493652524
1345769828
1411280685
928524491
1714811802
1559409678
802159045
12233925
1038111984
547144440
688345329
2012833800
98733374
118344579
1524882905
2111445998
581579781
43535087
1532271194
390490915
730908912
909953757
1737940961
699937328
361404018
692861470
1522684044
1433249281
750943562
1690173642
86363494
766158955
972043189
1697857620
1789439792
429985848
1357642763
426555981
118317585
969448346
1813056158
503504736
1373129433
1370302117
1157832850
1470934367
1913208834
1499023141
8175788
567998890
228154497
196585227
695189841
1439667123
141985786
1731182414
1755312514
711343357
567120473
1021950332
36725634
1516393411
1408774010
1495421989
460780946
2069670021
1040790611
548359401
476388434
1094897057
753803235
155023800
2072701149
562822848
724918404
227404176
1684307971
367638844
1689588125
1037953298
927136283
23660903
1425073493
182944672
1462019145
2037261914
70969114
1679859713
1555871834
58257378
822156981
646299406
2006919155
1243850900
932722712
296662747
1242214373
2025191091
909521171
1235646476
430143756
1364849433
1022634707
1060762378
1961679302
73130697
271367725
132366993
714748719
2062065257
46874443
1387673670
1169238879
1676650822
94814049
13064731
91319918
1225829338
33402844
571002679
1998700907
1508414545
1139971214
418131056
272740076
107503829
295588292
828850249
1777583783
428255657
1132673450
1806600527
1605601320
453941649
607809542
1709770497
1148509843
364311115
368749017
1388888448
1765894189
2086085768
965110994
1641290224
11382935
1581966958
1624544174
330268333
1149036851
919657981
205342829
16385035
1991788247
338518492
1384429216
1069212858
224878219
604503651
788022302
1854175473
1925026052
1590001123
502266857
286493062
929391807
387757563
1929555997
715297230
1068841280
532527199
1012038535
1874492450
857080321
791998043
952592137
2060098786
543303551
1646164637
406748121
838256765
630443302
2112803606
1827297045
857925802
222912828
1116288415
1962295927
1267082828
1216996080
1686080331
1484892278
544006192
1723772460
662057191
1611346043
175893066
1583818911
678617932
711898417
1771109019
1799894608
909246944
1408910700
616509652
2055103093
478334026
1306788361
1199790204
1533410002
1471814077
525909307
726197229
197755530
2097249184
1223732171
1959706093
1910187725
1791824702
63580234
1960587039
572945283
662473169
1645784797
1530244596
1195118568
468032343
150719990
195023130
1328135647
776699071
476279875
2012169266
934266220
783122749
1185845804
1868680005
703892906
1210787393
950306356
1892062449
1956983701
762505723
1881156473
1892665650
1160171024
758695049
346250662
1774006923
1585808667
1799123597
413188988
1939477856
615037698
898795025
1198163736
1137421439
1410945794
