549630910
779955524
250765287
785192252
753258605
816428414
1683840015
1823453661
1604658691
307293150
77861766
1198204630
1414695067
2071337168
2013496831
1575193235
633505493
667377677
964700546
1875366614
21793234
1031494066
1361384816
2083052434
1777657554
409053793
1860753157
314924885
317996671
1427499051
1485229133
1494470269
107928721
2082423030
476724137
55964494
324546634
627737012
1807217200
1524292466
1048339275
1319937048
2070429746
1709959766
1824620982
403942199
232252217
1818465334
1613721232
31721272
1606084004
1906018622
1265606490
291325918
1233041082
1665620491
1566054355
315196500
1155018345
344204812
1103158904
1368915130
1505456990
177159640
969547664
730875144
1090275909
1479755684
1594613031
1957532337
1250646601
5768481
1007644124
1587891727
827027339
849339833
1108547967
1798908697
258431452
1373715355
176801576
42287823
848687300
286275399
1968898694
1726694158
228863779
1964086450
849381948
958587293
637393786
9350134
1620202314
1463012388
421133562
1826907792
1961963705
1893270106
740412102
1093745838
1461149937
899980180
223852303
1803672542
928558318
1600315523
898374498
1825198410
1611782226
383701249
557072524
1914629305
56765048
1928786637
167403236
1060871081
520227830
1219181591
355744593
1390337153
502011365
1273673106
630373736
636025738
1320138551
1241296467
533049814
1692115383
1166758165
1147603194
1034859775
1362761508
1058496595
1312169261
2060049065
1424305043
1965919167
1192498405
1505200728
368583171
828319660
551149016
352304224
465680699
401514769
870248128
2100068733
1838899324
1295609152
1507746128
1306679962
742782114
1537525513
1497558596
591734473
187476831
269606444
1735310212
483533991
1834745498
1067265709
1353742762
658440245
464179032
1496325121
1341794663
856132710
892079434
2016221219
890581840
1242435561
1475213072
1861464510
2134645069
562017493
2098345996
921368882
164693037
234510969
449890423
1288711381
841634137
396506231
1806495684
1988406879
292077661
1972719642
1708421646
720434788
1872572234
1154698599
230608955
708964414
1817938877
1448801109
1622060545
2040192418
2035608839
1116839225
1207203753
14115418
1207989299
1970161752
405027312
265310567
1978950537
1028801251
1550364091
935541103
640872124
1413591596
104913407
1500799243
33643568
546034117
225631572
957236531
999428208
623255800
1204247460
1516558668
1295194711
171644646
143648985
1883366888
1011826606
766248658
43525633
685843960
1087440595
58153578
1033243690
1195337459
1174790863
435775005
80722082
1018956032
2138962566
1541185117
9456342
1410760057
422355551
772880543
79562664
458980638
1049785192
877293359
675320846
1271904760
1223169537
664824014
1040764210
1412353039
2060075412
1838128732
866404354
1036344653
1826512767
669144071
1400967608
1212701879
985275618
864520131
1995584155
582718546
380347906
1057059595
326008380
1745352210
465312035
1354159187
965757612
1605726738
613799458
1940971050
1094203117
522314168
92081982
1832151994
833581696
134533247
90927812
919104520
1610158070
422616581
1164873015
1768374298
1282745694
1484145778
1716854298
1191861076
1339926912
1469818495
140217509
944238110
425484439
1705319067
924780035
1644327765
78632732
2140209244
551284979
1077452283
806592725
2016493997
1846550049
1582521119
798553581
119104362
743925615
344090186
944262671
2141844420
1983046022
1266434361
1121774067
66171098
1401845708
1572967574
1565329178
759457255
1921797548
989346249
28497912
1420934606
14232275
1643422764
1465509229
1817044995
1515486611
1536367697
1745017780
595237864
1753519262
840856099
1730731915
1160959176
112511795
1741147720
723550179
1729835543
969820717
1163641332
740220163
1372764112
247598405
1345566139
1634256120
1021266795
1969947690
359313341
303473359
1499296108
78998587
1466659124
218411696
1709422377
1048954371
1533141766
2002261722
203127285
117011890
1128992233
751101398
1355041565
746556053
349024807
388325158
1142189923
1683186093
2108298538
2101142950
1808181635
849417395
1982977282
1937120185
758156216
249126086
803217447
1173336201
816149783
9166644
444242434
1994580952
1156173270
1232894338
245721672
516239277
286860138
622444403
21309538
112004805
726853676
1886369645
520422894
1612823653
1988312131
412539934
1532662245
626208059
2046057245
957240981
492066197
1485564349
2009132799
405654038
642775371
649878713
243504952
1677022586
1607739127
1460296291
245736924
359805565
1186111939
193960641
1820253103
1281894928
1742411775
122147227
500834381
1980269177
101465020
519745520
1661876555
1996293733
1374289274
2069295637
328994501
370153629
2096291701
345616282
863947488
177009388
1274762603
2006392449
1664584094
1106161732
2132931800
750519232
590118967
1743326606
272734325
757321199
1162188923
708496894
2013751528
367048111
700257706
326462253
1940054197
706417203
817611806
1410515018
125373678
65788068
855775961
2119804324
1971171441
12839066
1178848411
720963381
320884212
2020834970
1728214532
1262122845
596348803
68727536
1232526609
1327203137
676860194
714091371
1296446775
991892543
1679511907
904991422
1707534852
1491627468
1505040244
953379661
2130025852
1007241163
1369037931
2532248
577583079
1389874498
1675488123
1600916117
51635710
1208974535
1150616488
1692263417
1282473938
2120092734
1719154468
2016639233
1422442394
399383002
1176590314
2047549725
112148091
1945023992
1282005149
1520538216
1797085706
1225962826
1557454075
1973202910
1878486758
1367865903
505736863
1511632140
614764080
1017791780
30296861
171607248
1499409097
318351964
1443251891
338340034
1734118369
1142916333
17091826
23552074
176586649
1132080424
1579101080
1323837688
1420221722
1810356321
1630032675
1308151850
315037154
1604974166
841231570
185001860
1872719661
1995983362
352930189
1499103900
1979904070
1849768860
1869913006
831253454
703237672
1786467995
1077499337
264682158
2089795873
1547547220
517230136
1104090430
1103614758
838250280
313431356
1116715405
1927932166
1258453075
1343951567
665005282
1794345393
233616387
552981188
68130437
1885316875
1345068660
1196594986
1157273561
176560210
1992778648
446371234
1650909382
2112905422
2091631638
505919611
2031833156
1420486974
1333322019
1467798049
537602301
54581087
1314418922
1381525462
2020158149
1293126185
525942245
204537092
1624270521
1291542810
1871999812
404553341
614266586
652031795
1835408554
1852242154
1746287683
1296787672
1801782569
1093420226
1505652659
589873009
2067709423
88121948
97017225
1101175986
1013804401
1138668655
1159466767
332330669
429081847
1843712078
594610147
1938138673
806349266
610424195
479926471
999574572
680306686
922487899
1359374630
1140531568
1719808112
2013214398
452044045
1588225307
1979588295
998877587
277496868
239389484
907115575
735045484
1766188052
239901793
2109629037
2095212939
134355311
1226296974
1284508237
918982163
279321784
1534757237
1192553972
1291939852
862460963
28287734
1957426841
823611560
1993166176
1224984359
1372315683
746713111
616480986
879294670
1881529243
365121091
1017548544
54495025
1783561550
656275565
1269071338
14926814
861171787
920077283
1572698741
1841520010
77524026
354708354
1975993283
858619974
476068884
1401113144
1862549982
1908808170
643166115
1972101040
2095461243
427868260
1150753435
423756311
1778282113
1155976735
1153195058
1199996156
1014557448
160402464
118564498
886893382
505856197
1744507946
1077664395
79860286
1590219071
628232672
1797394472
264394970
673585450
272476689
1866724758
1168424600
2098247355
1602718487
995101924
1134546202
748915475
2118686186
1031646776
855156463
236128555
2056911850
417143495
589680284
1051225237
1359805239
1025477099
113094603
1009215403
1808659278
2053003482
1412296277
1722955512
1338114291
1996335804
231485337
1928439226
396208598
1958377720
1234317310
111413698
378771145
1298515590
1822984554
708627149
2129812482
472992603
175563626
160874811
18648856
451080681
1043354909
1276239335
1410891682
650764827
596427994
1327364451
487984111
1176118696
230413832
1750239220
1684299869
1402663214
1012409819
366956854
454428481
1592952735
760133064
1753866330
763616587
1353590623
352706877
160308466
1944813113
743742765
2004841057
758396260
741642588
2028536782
1068896402
886812636
849913473
2099703439
990566547
1357578597
1009648573
136056942
312063830
687349464
1399907810
1051604533
1440455115
1367573549
1727963888
1631561737
574597476
1123591578
286105771
1456027700
254198668
536859747
1860343186
569180943
1544741871
812541880
98373804
883046443
1478909869
667148917
793407417
1985515381
585721863
606930976
107222294
1491084843
900325747
1732080077
412096667
1802314869
1504791928
318371539
1280888905
72783600
353958520
1859495701
2060619155
1132616975
579828225
313251376
169145289
881249479
472290489
1433098535
1774338114
532036655
1173953097
280732530
554961568
178024667
1259204793
126602130
804630720
1792398560
2041425694
1561876076
465882670
833524139
1260351255
236879045
731235990
990001046
711494911
631274549
2098719419
2083310776
1403454489
1787559586
215222423
1832729817
899406372
1113240476
303218218
1165658493
498003628
2059641585
1513224892
1300106975
980076509
1722669286
317131746
619593217
1177118509
234072000
543110076
1378189798
1661224466
1635973992
178841553
939566091
1393613031
1227095016
2019749367
342949180
1729499033
1326627890
169754568
1988499587
1481862763
1838510985
1276065813
1533877158
65510107
869715398
1426101942
145964317
1970867559
1786455874
1294394932
2129267756
48651184
1313259342
2000931277
1685165616
2067230946
111642773
1960366184
477422911
88164473
720529621
422086310
1914964144
1608718033
1423139979
439116786
1819795003
1240974756
2107752685
1583643107
1318859385
1889887017
1672208952
1965727859
1289049171
446603473
930738235
554083110
307403111
955453705
397145759
1554805886
2022252239
341579060
197057444
890914907
80353689
1373647386
334583751
423201881
1617856260
1513745353
1839815304
1900335114
761333142
1416424675
1508585316
2072642772
789853775
430598612
1753790586
1052473208
2010598521
202812767
2123019194
239380739
523925879
1495015130
711882106
1238562143
1136492711
1705043310
1652963073
1669452853
1838502361
1313207382
547317718
1573385084
1411660589
532225072
358763097
446147617
906391005
1684550804
2113270494
1952597679
50071713
1919357485
1204394717
2020108143
1085501804
1005579110
1911712982
2024288146
1349146766
1492156198
1691691012
1819439472
366043513
2105160352
366989028
732822206
661765280
1243505255
1434192817
2060296597
2008265927
170362451
61832753
1595609407
869106957
2082683879
660982183
257628703
71835515
1307642969
146082203
326047717
237025920
170421515
189309026
752052041
290620413
839257610
153060339
